0.49755
0.49755
0.49755
0.541375
0.657025
0.680325
0.686375
0.689525
0.692675
0.695725
0.69765
0.699625
0.7015
0.703275
0.70435
0.705425
0.7063
0.70695
0.707525
0.709025
0.71025
0.711425
0.711975
0.713025
0.71395
0.714475
0.71515
0.7159
0.716425
0.7171
0.71785
0.718575
0.719725
0.72005
0.72045
0.721
0.7212
0.721775
0.7222
0.722225
0.722875
0.723175
0.723725
0.72445
0.724825
0.725025
0.72545
0.7263
0.726575
0.72705
0.72735
0.727425
0.7273
0.727175
0.72775
0.7281
0.728075
0.728325
0.728525
0.72855
0.72865
0.728825
0.728725
0.7289
0.729125
0.72945
0.7293
0.729425
0.729475
0.729425
0.7293
0.72945
0.7297
0.729875
0.729825
0.73
0.72985
0.729925
0.730125
0.730325
0.7305
0.7304
0.730375
0.73035
0.730325
0.7303
0.7302
0.73015
0.7302
0.73035
0.7305
0.730475
0.730525
0.73045
0.730625
0.73075
0.7307
0.73075
0.730825
0.7309
0.730975
0.730975
0.731025
0.731075
0.731125
0.73115
0.731175
0.73125
0.731325
0.73135
0.731325
0.7314
0.73125
0.731175
0.7311
0.731225
0.731075
0.7312
0.73115
0.731125
0.7312
0.731275
0.731375
0.731375
0.73135
0.73135
0.731275
0.73125
0.731225
0.731275
0.7313
0.73125
0.731225
0.73115
0.731125
0.73125
0.731275
0.731225
0.731225
0.731225
0.73115
0.7311
0.7311
0.731075
0.73105
0.731075
0.731175
0.73115
0.731125
0.73115
0.731175
0.73115
0.7312
0.731175
0.731175
0.73115
0.731125
0.731075
0.731075
0.731125
0.731175
0.731175
0.731175
0.7312
0.7312
0.731275
0.7313
0.731275
0.731275
0.73125
0.731175
0.7312
0.731225
0.731225
0.7312
0.7312
0.7312
0.731175
0.731175
0.7311
0.73115
0.73115
0.73115
0.7311
0.7311
0.731125
0.731125
0.73115
0.7311
0.73105
0.73105
0.731075
0.731025
0.73105
0.731125
0.7311
0.7311
0.731175
0.731175
0.7311
0.7311
0.7311
0.731075
0.731025
0.73105
0.73105
0.73105
0.730975
0.730975
0.731
0.731
0.730975
0.730975
0.731
0.731
0.730975
0.73095
0.730975
0.730975
0.73095
0.731
0.73095
0.73095
0.730925
0.730925
0.730925
0.730925
0.730925
0.730825
0.73085
0.73085
0.730875
0.730875
0.730875
0.730925
0.7309
0.730925
0.730925
0.730925
0.7309
0.730925
0.730925
0.73095
0.730975
0.73095
0.730975
0.73095
0.730925
0.730925
0.730875
0.73095
0.730925
0.730925
0.73095
0.730975
0.731
0.73105
0.731075
0.7311
0.73105
0.73105
0.731075
0.731075
0.731075
0.731125
0.731125
0.73115
0.73115
0.73115
0.7312
0.731225
0.731225
0.7312
0.7312
0.731225
0.73125
0.73125
0.731275
0.731275
0.731325
0.731275
0.731325
0.7313
0.7313
0.731325
0.731325
0.731325
0.73135
0.731375
0.731375
0.731475
0.731475
0.73145
0.73145
0.731475
0.731475
0.731475
0.73145
0.731425
0.7314
0.731375
0.731375
0.731425
0.73145
0.731425
0.731425
0.73145
0.73145
0.731425
0.7314
0.7314
0.7314
0.7314
0.7314
0.7314
0.731475
0.731475
0.731475
0.731475
0.73145
0.73145
0.73145
0.7314
0.731425
0.731475
0.731475
0.731475
0.731425
0.7314
0.731325
0.731375
0.731375
0.73135
0.731325
0.731325
0.7313
0.731375
0.731375
0.7314
0.7314
0.731375
0.731425
0.7314
0.7314
0.7314
0.731425
0.731425
0.7314
0.731375
0.7314
0.731375
0.7314
0.7314
0.7314
0.7314
0.7314
0.731375
0.731375
0.731425
0.731425
0.731425
0.731425
0.73135
0.731325
0.731325
0.7313
0.731275
0.731275
0.7313
0.731275
0.731325
0.731325
0.731375
0.73135
0.73135
0.7314
0.7314
0.7314
0.7314
0.731375
0.731325
0.731325
0.73135
0.73135
0.73135
0.731375
0.731375
0.73135
0.73135
0.731375
0.7314
0.7314
0.731425
0.7314
0.7315
0.73155
0.73155
0.73155
0.731525
0.731575
0.7316
0.731575
0.731575
0.7316
0.7316
0.731625
0.731625
0.731625
0.731625
0.731625
0.731625
0.7316
0.731575
0.731525
0.73155
0.731575
0.7316
0.7316
0.7316
0.7316
0.73165
0.731675
0.7317
0.731675
0.731675
0.73165
0.731625
0.731625
0.731625
0.731625
0.7316
0.731625
0.73165
0.731625
0.731625
0.73165
0.73165
0.73165
0.731675
0.731675
0.731725
0.73175
0.73175
0.73175
0.731775
0.73175
0.73175
0.731675
0.731675
0.7317
0.731725
0.731725
0.7317
0.731725
0.731725
0.73175
0.731775
0.731775
0.731775
0.731775
0.731775
0.731775
0.731775
0.731875
0.731875
0.731925
0.731925
0.731925
0.7319
0.7319
0.7319
0.7319
0.73195
0.73195
0.73195
0.73195
0.73195
0.731925
0.73195
0.731975
0.731975
0.731975
0.731975
0.731975
0.731975
0.7319
0.7319
0.731925
0.7319
0.7319
0.7319
0.7319
0.7319
0.7319
0.7319
0.7319
0.731875
0.7319
0.7319
0.7319
0.7319
0.7319
0.7319
0.731925
0.731925
0.731925
0.731925
0.731875
0.7319
0.731925
0.73195
0.731925
0.73195
0.73195
0.73195
0.731975
0.732
0.732025
0.732025
0.73205
0.732025
0.732025
0.732
0.732025
0.732025
0.732025
0.732025
0.732025
0.73205
0.73205
0.732075
0.732075
0.73205
0.7321
0.7321
0.7321
0.7321
0.7321
0.732075
0.732075
0.732075
0.732075
0.7321
0.732125
0.7321
0.73205
0.732
0.731975
0.73195
0.731925

